18565739543	4035	7707	11742
13565739543	2690	5138	7828
18565739549	2690	5138	7828
18565739548	2690	5138	7828
18565739547	2690	5138	7828
15565739543	2690	5138	7828
14565739543	2690	5138	7828
13665739544	1668	2569	4237
18565739545	1345	2569	3914
18565739544	1345	2569	3914
18565999543	1345	2569	3914
18565559543	1345	2569	3914
17565739543	1345	2569	3914
18567779543	1345	2569	3914
18565749543	1345	2569	3914
13865739546	1345	2569	3914
13865739543	1345	2569	3914
13765739545	1345	2569	3914
18565739546	1345	2569	3914
